<Trait>	SdArea_cm2	Hgt_cm	Hdng_grp
H0225	8.546853333	143.5574667	1.377966667
H0226	7.666853333	141.8908	1.7113
H0227	6.760186667	140.2241333	1.377966667
H0228	7.356853333	150.2241333	0.7113
H0229	7.416853333	143.5574667	0.7113
H0230	9.296853333	148.5574667	1.044633333
H0232	6.93352	151.8908	1.044633333
H0233	7.41145	106.8908	1.377966667
H0234	8.556853333	121.8908	1.7113
H0235	7.830186667	148.5574667	1.044633333
H0236	8.656853333	130.2241333	0.7113
H0238	7.47352	146.8908	1.377966667
H0239	8.330186667	153.5574667	1.044633333
H0240	7.41352	136.8908	2.044633333
H0241	7.640186667	148.5574667	1.7113
H0242	6.99352	151.8908	0.7113
H0243	8.29352	143.5574667	1.377966667
H0244	6.82352	141.8908	1.044633333
H0246	9.11352	143.5574667	1.377966667
H0247	6.360186667	125.2241333	0.7113
H0248	6.480186667	101.8908	2.7113
H0250	7.260186667	151.8661	1.7113
H0251	7.370186667	148.5574667	1.7113
H0252	6.36352	138.5574667	1.377966667
H0253	6.506853333	148.5574667	1.377966667
H0254	8.300186667	138.5574667	1.044633333
H0255	9.496853333	151.8908	1.7113
H0256	8.14352	145.2241333	1.377966667
H0289	6.590186667	141.8908	1.7113
H0290	5.48352	130.2241333	1.377966667
H0291	7.126853333	135.2241333	0.377966667
H0293	7.240186667	133.5574667	1.7113
H0294	7.296853333	150.2241333	2.044633333
H0295	7.380186667	143.5574667	1.377966667
H0298	6.92352	140.2241333	0.377966667
H0300	6.41352	116.8908	1.044633333
H0301	6.230186667	141.8908	0.7113
H0302	5.93352	146.8908	1.377966667
H0304	6.936853333	136.8908	0.377966667
H0309	8.800186667	141.8908	1.377966667
H0310	7.36352	138.5574667	1.044633333
H0311	6.86352	141.8908	1.044633333
H0312	7.590186667	126.8908	1.377966667
H0313	7.110186667	155.2241333	0.377966667
H0315	7.456853333	161.8908	1.7113
H0316	6.890186667	165.2241333	1.7113
H0321	6.426853333	145.2241333	0.377966667
H0322	7.070186667	125.2241333	1.377966667
H0323	8.016853333	148.5574667	0.377966667
H0324	6.84352	145.2241333	0.7113
H0325	6.946853333	133.5574667	0.7113
H0329	7.69352	131.8908	2.377966667
H0330	10.07018667	138.5574667	1.377966667
H0331	6.99145	158.5574667	1.7113
H0334	6.58352	143.5574667	1.377966667
H0335	6.356853333	136.8908	2.044633333
H0336	6.79352	148.5574667	0.377966667
H0337	5.90352	141.8908	0.7113
H0339	7.610186667	145.2241333	1.7113
H0340	6.790186667	146.8908	1.7113
H0341	6.80352	146.8908	1.7113
H0342	7.370186667	165.2241333	1.7113
H0343	6.886853333	160.2241333	1.7113
H0344	6.080186667	140.2241333	1.044633333
H0345	8.10352	146.8908	1.377966667
H0346	6.84352	148.5574667	0.377966667
H0347	6.276853333	128.5574667	1.377966667
H0348	7.630186667	138.5574667	1.377966667
H0349	6.38352	126.8908	1.7113
H0350	6.996853333	141.8908	2.377966667
H0351	7.22352	123.5574667	1.044633333
H0352	6.326853333	130.2241333	2.044633333
H0353	6.420186667	143.5574667	1.044633333
H0354	6.95352	148.5574667	2.044633333
H0356	8.316853333	138.5574667	1.044633333
H0357	7.11645	144.3661	1.7113
H0358	5.986853333	130.2241333	0.377966667
H0359	7.336853333	120.2241333	1.377966667
H0360	7.210186667	148.5574667	1.044633333
H0361	8.66352	145.2241333	1.7113
H0362	7.33352	128.5574667	1.7113
H0363	9.19352	136.8908	1.044633333
H0364	7.026853333	155.2241333	0.7113
H0365	7.73883	141.8908	0.7113
H0366	8.72352	141.8661	1.044633333
H0367	6.666853333	143.5574667	1.7113
H0369	8.380186667	131.8908	1.7113
H0370	7.406853333	138.5574667	0.7113
H0372	7.636853333	121.8908	2.377966667
H0373	7.970186667	146.8908	0.7113
H0374	7.92352	128.5574667	1.377966667
H0375	8.300186667	138.5574667	1.377966667
H0376	7.760186667	141.8908	1.377966667
H0377	6.930186667	140.2241333	2.377966667
H0378	9.130186667	125.2241333	1.044633333
H0379	8.106853333	173.5574667	1.044633333
H0381	7.256853333	151.8908	1.7113
H0382	7.046853333	139.3661	1.377966667
H0383	6.97352	141.8908	1.377966667
H0384	6.746853333	150.2241333	0.7113
H0385	7.036853333	138.5574667	1.377966667
H0386	6.830186667	143.5574667	0.7113
H0387	6.226853333	150.2241333	0.044633333
H0388	7.356853333	151.8908	1.044633333
H0389	7.680186667	151.8908	0.377966667
H0390	6.70352	143.5574667	1.377966667
H0391	7.36352	130.2241333	1.044633333
H0392	6.77352	146.8908	1.044633333
H0393	6.296853333	120.2241333	1.377966667
H0394	6.970186667	145.2241333	1.044633333
H0396	6.78352	146.8908	0.377966667
H0397	7.84352	123.5574667	1.377966667
H0398	7.43352	156.8908	1.377966667
H0399	6.640186667	126.8908	1.377966667
H0402	6.49352	138.5574667	1.044633333
H0403	7.12352	151.8908	0.7113
H0405	6.326853333	146.8908	1.044633333
H0406	7.01352	134.3661	1.377966667
H0407	7.780186667	136.8908	1.377966667
H0409	7.026853333	140.2241333	1.7113
H0410	7.840186667	128.5574667	1.377966667
H0411	6.910186667	133.5574667	1.377966667
H0412	6.556853333	145.2241333	0.7113
H0413	7.83352	153.5574667	1.377966667
H0414	6.830186667	146.8908	0.7113
H0415	7.480186667	138.5574667	0.7113
H0418	7.83352	138.5574667	1.044633333
H0420	7.326853333	131.8661	1.7113
H0421	7.63352	140.2241333	1.7113
H0422	9.960186667	151.8908	1.7113
H0423	7.800186667	148.5574667	1.377966667
H0425	9.046853333	155.2241333	1.044633333
H0426	9.150186667	141.8908	1.377966667
H0427	8.376853333	148.5574667	1.044633333
H0428	9.110186667	148.5574667	1.044633333
H0429	9.256853333	153.5574667	1.7113
H0430	8.300186667	155.2241333	1.7113
H0431	7.096853333	133.5574667	2.044633333
H0432	7.55352	146.8908	1.7113
H0433	7.646853333	138.5574667	2.044633333
H0434	7.530186667	145.2241333	1.7113
H0435	8.41352	148.5574667	2.044633333
H0436	7.876853333	151.8908	1.7113
H0437	5.900186667	126.8908	1.377966667
H0438	7.346853333	141.8908	2.044633333
H0439	7.786853333	136.8908	1.377966667
H0440	9.01352	145.2241333	1.7113
H0441	8.776853333	151.8908	1.377966667
H0442	7.55352	146.8908	1.377966667
H0443	8.70352	148.5574667	0.7113
H0444	8.160186667	141.8908	1.377966667
H0446	7.396853333	141.8908	1.7113
H0447	7.76352	155.2241333	1.377966667
H0448	7.416853333	146.8908	1.7113
H0449	8.856853333	150.2241333	1.377966667
H0450	8.046853333	141.8908	1.044633333
H0451	7.16352	126.8908	2.044633333
H0452	8.39352	146.8908	0.7113
H0455	10.22018667	136.8908	1.7113
H0456	8.196853333	126.8908	1.377966667
H0458	7.796853333	148.5574667	2.044633333
H0459	8.59352	153.5574667	1.377966667
H0460	8.120186667	138.5574667	1.044633333
H0461	8.720186667	141.8908	0.7113
H0462	7.84352	143.5574667	1.377966667
H0463	8.86352	141.8908	1.377966667
H0464	8.50352	138.5574667	1.044633333
H0469	7.97352	143.5574667	1.044633333
H0470	7.69352	141.8908	1.044633333
H0471	7.536853333	155.2241333	1.044633333
H0473	8.946853333	128.5574667	1.044633333
H0475	7.010186667	140.2241333	1.044633333
H0476	8.51352	138.5574667	1.044633333
H0481	8.05352	155.2241333	1.044633333
H0482	7.556853333	150.2241333	1.044633333
H0483	8.000186667	148.5574667	1.044633333
H0484	9.04352	155.2241333	1.377966667
H0485	7.670186667	148.5574667	1.377966667
H0486	8.886853333	146.8908	0.7113
H0487	7.040186667	145.2241333	1.044633333
H0488	7.850186667	140.2241333	0.7113
H0489	7.93352	144.3661	1.7113
H0490	8.040186667	136.8908	1.044633333
H0491	8.506853333	143.5574667	0.377966667
H0492	7.89352	130.2241333	0.377966667
H0493	8.36352	145.2241333	1.044633333
H0495	7.056853333	135.2241333	1.377966667
H0497	7.540186667	149.3661	1.044633333
H0498	6.590186667	141.8908	1.377966667
H0499	7.166853333	141.8661	0.377966667
H0500	7.756853333	148.5574667	0.7113
H0501	7.950186667	133.5574667	0.377966667
H0503	7.930186667	138.5574667	0.377966667
H0505	7.74145	131.8908	0.044633333
H0506	8.540186667	151.8908	0.377966667
H0507	7.220186667	153.5574667	0.377966667
H0508	6.746853333	146.8908	0.377966667
H0509	7.80352	150.2241333	0.7113
H0510	7.460186667	151.8908	1.044633333
H0511	6.866853333	150.2241333	1.044633333
H0512	7.100186667	150.2241333	1.044633333
H0513	7.090186667	151.8908	0.044633333
H0514	7.696853333	143.5574667	1.377966667
H0515	7.356853333	135.2241333	1.377966667
H0516	8.960186667	148.5574667	1.044633333
H0519	7.316853333	146.8908	1.044633333
H0520	6.260186667	125.2241333	1.377966667
H0521	7.620186667	123.5574667	1.377966667
H0522	7.370186667	136.8908	1.377966667
H0523	7.210186667	126.8908	2.044633333
H0525	7.050186667	135.2241333	1.044633333
H0526	8.720186667	128.5574667	1.7113
H0527	9.130186667	136.8908	1.7113
H0528	7.75352	135.2241333	2.044633333
H0530	7.666853333	138.5574667	0.7113
H0531	7.800186667	133.5574667	1.377966667
H0532	6.60352	136.8908	0.7113
H0533	8.100186667	151.8908	1.377966667
H0534	6.110186667	130.2241333	1.044633333
H0535	6.960186667	146.8908	1.044633333
H0538	7.67352	143.5574667	1.7113
H0539	7.900186667	159.3661	1.044633333
H0541	6.890186667	138.5574667	2.044633333
H0542	8.696853333	135.2241333	2.044633333
H0543	9.02352	128.5574667	1.7113
H0545	8.100186667	143.5574667	1.377966667
H0546	8.270186667	146.8908	1.7113
H0547	7.73352	141.8908	1.377966667
H0548	8.86352	150.2241333	1.377966667
H0549	8.296853333	143.5574667	1.377966667
H0550	7.036853333	144.3661	1.7113
H0551	7.496853333	136.8908	1.7113
H0552	8.800186667	138.5574667	2.044633333
H0553	6.836853333	146.8908	1.7113
H0554	7.200186667	141.8661	1.7113
H0555	6.44352	146.8908	0.7113
H0556	7.356853333	136.8908	0.377966667
H0557	7.92352	150.2241333	1.377966667
H0559	6.60352	138.5574667	1.377966667
H0560	6.996853333	155.2241333	1.377966667
H0561	7.270186667	155.2241333	1.7113
H0562	7.486853333	143.5574667	1.7113
H0563	6.90352	153.5574667	1.7113
H0564	6.44352	145.2241333	1.377966667
H0565	9.18352	146.8908	1.044633333
H0568	7.170186667	148.5574667	1.7113
H0569	7.71352	136.8908	1.7113
H0572	6.996853333	140.2241333	1.377966667
H0574	7.546853333	140.2241333	1.377966667
H0575	7.71352	156.8908	1.044633333
H0576	7.47352	148.5574667	1.377966667
H0577	7.786853333	138.5574667	1.377966667
H0578	7.860186667	154.3661	1.377966667
H0579	6.850186667	144.3661	2.044633333
H0580	8.156853333	141.8661	2.044633333
H0581	8.77352	143.5574667	1.377966667
H0582	7.990186667	143.5574667	0.044633333
H0583	8.100186667	141.8661	1.044633333
H0584	8.586853333	144.3661	0.7113
H0585	7.43352	141.2241333	0.7113
H0586	7.396853333	143.5574667	1.044633333
H0587	7.906853333	136.8908	1.044633333
H0588	8.27352	140.2241333	1.7113
H0589	8.030186667	141.8908	1.7113
H0590	7.596853333	138.5574667	1.7113
H0591	7.10352	148.5574667	2.044633333
H0592	8.490186667	156.8908	1.7113
H0593	8.51352	150.2241333	1.377966667
H0594	7.466853333	156.8908	0.7113
H0595	7.366853333	133.5574667	1.044633333
H0596	8.310186667	136.8908	1.377966667
H0597	7.736853333	145.2241333	0.7113
H0598	8.126853333	141.8908	1.044633333
H0599	8.030186667	145.2241333	1.044633333
H0603	6.960186667	135.2241333	1.044633333
H0604	8.18352	138.5574667	1.044633333
H0608	6.96352	143.5574667	1.044633333
H0609	7.920186667	146.8908	1.377966667
H0612	7.77352	149.3661	1.7113
H0613	8.126853333	148.5574667	1.377966667
H0614	9.356853333	148.5574667	1.044633333
H0615	7.616853333	133.5574667	1.044633333
H0618	7.406853333	145.2241333	1.377966667
H0619	6.92352	141.8908	1.044633333
H0621	8.566853333	143.5574667	0.377966667
H0623	9.11352	148.5574667	0.377966667
H0624	6.920186667	130.2241333	1.377966667
H0629	8.760186667	141.8908	1.044633333
H0630	8.796853333	155.2241333	1.044633333
H0631	8.940186667	141.8908	2.044633333
H0633	8.696853333	124.3661	2.044633333
H0634	8.41352	128.5574667	0.7113
H0635	8.07352	141.8908	1.377966667
H0636	9.48352	148.5574667	1.377966667
H0641	7.960186667	115.2241333	1.044633333
H0642	7.286853333	141.8661	1.377966667
H0644	9.66352	150.2241333	1.044633333
H0645	9.16352	143.5574667	1.044633333
H0646	7.620186667	143.5574667	1.7113
H0647	8.340186667	154.3661	1.044633333
H0648	7.81352	141.8908	1.377966667
H0649	7.61352	128.5574667	1.044633333
H0650	8.556853333	141.8908	1.044633333
H0651	7.66352	141.8908	1.377966667
H0652	9.100186667	151.8908	1.377966667
H0653	8.41352	133.5574667	1.377966667
H0655	8.79352	140.2241333	1.044633333
H0656	7.960186667	123.5574667	1.377966667
H0657	7.490186667	118.5574667	1.044633333
H0659	6.606853333	129.3661	0.044633333
H0660	7.916853333	130.2241333	0.7113
H0661	7.886853333	145.2241333	0.7113
H0662	7.25645	125.2241333	1.044633333
H0663	7.460186667	126.8908	0.7113
H0664	7.10352	125.2241333	1.377966667
H0665	6.13352	123.5574667	1.044633333
H0667	6.016853333	131.8908	1.044633333
H0668	7.390186667	146.8908	1.044633333
H0669	8.576853333	135.2241333	1.044633333
H0670	7.20352	130.2241333	1.7113
H0676	8.220186667	145.2241333	1.044633333
H0677	7.370186667	146.8908	1.377966667
H0678	7.05352	126.8908	1.377966667
H0679	8.106853333	133.5574667	1.377966667
H0680	8.890186667	141.8908	0.377966667
H0681	6.716853333	136.8908	1.7113
H0684	8.16352	138.5574667	1.044633333
H0685	7.250186667	148.5574667	2.377966667
H0686	7.56352	136.8908	1.044633333
H0687	7.26528	143.5574667	1.377966667
H0692	7.936853333	155.2241333	0.7113
H0695	7.34352	161.8908	0.7113
H0696	6.59352	145.2241333	1.044633333
H0699	7.370186667	136.8908	0.7113
H0702	7.100186667	138.5574667	1.7113
H0703	7.20352	135.2241333	1.044633333
H0704	6.820186667	135.2241333	0.7113
H0705	7.890186667	140.2241333	1.7113
H0706	7.520186667	130.2241333	1.044633333
H0707	7.87352	125.2241333	1.044633333
H0708	8.136853333	131.8908	2.044633333
H0709	8.086853333	130.2241333	1.7113
H0710	7.316853333	135.2241333	2.377966667
H0711	7.23352	136.8908	0.7113
H0712	7.496853333	146.8908	1.044633333
H0713	6.60352	141.8908	0.044633333
H0714	7.610186667	161.8908	0.044633333
H0715	6.806853333	161.8908	0.7113
H0716	8.160186667	161.8908	1.044633333
H0717	6.860186667	153.5574667	1.7113
H0718	7.166853333	150.2241333	1.044633333
H0719	6.486853333	161.8908	1.044633333
H0720	6.760186667	143.5574667	1.044633333
H0721	6.466853333	141.8908	2.044633333
H0722	7.57352	158.5574667	1.377966667
H0723	8.66352	150.2241333	1.044633333
H0724	7.78352	160.2241333	1.377966667
H0725	7.50352	166.8908	1.377966667
H0726	7.586853333	163.5574667	1.7113
H0727	8.76352	150.2241333	0.377966667
H0728	6.630186667	131.8908	1.377966667
H0729	6.810186667	143.5574667	1.044633333
H0730	6.83352	141.8908	1.7113
H0731	7.576853333	136.8908	1.044633333
H0732	6.740186667	123.5574667	2.044633333
H0733	8.82352	126.8908	1.044633333
H0734	8.196853333	135.2241333	1.377966667
H0735	6.28352	135.2241333	1.377966667
H0736	7.670186667	131.8908	1.377966667
H0737	6.75352	120.2241333	1.377966667
H0738	7.396853333	135.2241333	1.377966667
H0739	6.906853333	131.8908	1.7113
H0740	7.616853333	138.5574667	1.044633333
H0741	6.950186667	138.5574667	1.377966667
H0742	9.796853333	156.8908	1.044633333
H0743	7.330186667	140.2241333	1.044633333
H0744	7.100186667	133.5574667	1.044633333
H0745	7.60352	153.5574667	1.044633333
H0746	9.98352	143.5574667	1.7113
H0747	6.280186667	106.8908	2.377966667
H0748	7.860186667	156.8908	1.044633333
H0749	7.85352	155.2241333	1.377966667
H0750	7.75352	156.8908	0.7113
H0751	7.346853333	156.8908	1.377966667
H0752	6.796853333	151.8908	1.7113
H0753	6.95352	158.5574667	1.7113
H0754	6.766853333	145.2241333	0.7113
H0755	6.51352	141.8908	1.044633333
H0756	6.75352	153.5574667	1.377966667
H0757	6.99352	156.8908	1.044633333
H0758	7.33352	135.2241333	1.044633333
H0759	6.62352	146.8908	0.377966667
H0760	7.036853333	143.5574667	1.044633333
H0761	6.910186667	140.2241333	0.377966667
H0763	6.620186667	163.5574667	1.7113
H0764	6.82352	146.8908	1.044633333
H0765	7.300186667	136.8908	2.044633333
H0766	6.936853333	131.8908	1.7113
H0767	7.346853333	145.2241333	2.044633333
H0769	6.606853333	128.5574667	2.7113
H0770	7.016853333	136.8908	2.044633333
H0771	7.286853333	143.5574667	1.044633333
H0772	7.120186667	130.2241333	1.377966667
H0773	7.37352	146.8908	0.377966667
H0774	5.996853333	151.8908	1.044633333
H0775	7.00352	133.5574667	0.044633333
H0776	7.440186667	143.5574667	1.044633333
H0777	6.676853333	136.8908	2.044633333
H0778	7.26352	143.5574667	1.7113
H0779	7.31352	146.8908	0.7113
H0780	6.80352	139.3661	0.377966667
H0781	7.12352	140.2241333	-0.2887
H0782	6.296853333	146.8908	0.7113
H0783	5.740186667	135.2241333	-0.2887
H0784	6.940186667	138.5574667	0.044633333
H0791	7.146853333	133.5574667	0.044633333
H0792	6.566853333	136.8908	0.044633333
H0793	6.480186667	136.8908	1.044633333
H0794	6.74352	128.5574667	1.7113
H0795	7.550186667	145.2241333	0.7113
H0796	6.886853333	145.2241333	1.044633333
H0801	7.066853333	145.2241333	0.377966667
H0802	7.29352	110.2241333	0.7113
H0803	6.61352	133.5574667	1.044633333
H0804	6.730186667	130.2241333	1.377966667
H0805	6.686853333	128.5574667	1.044633333
H0806	6.906853333	133.5574667	0.377966667
H0807	7.150186667	163.5574667	0.7113
H0808	6.65352	141.8908	1.044633333
H0809	6.196853333	136.8908	1.044633333
H0810	6.27352	150.2241333	1.044633333
H0811	6.126853333	136.8908	1.377966667
H0812	6.86352	126.8908	1.377966667
H0813	7.130186667	143.5574667	0.377966667
H0814	6.41352	135.2241333	1.377966667
H0815	6.746853333	146.8908	1.044633333
H0816	6.33352	125.2241333	1.377966667
H0817	7.650186667	140.2241333	1.7113
H0818	8.750186667	150.2241333	1.377966667
H0819	7.84352	141.8908	0.377966667
H0820	6.54028	146.8908	1.377966667
H0821	7.38352	140.2241333	2.044633333
H0822	8.266853333	135.2241333	0.7113
H0823	7.06352	145.2241333	1.044633333
H0824	7.95352	131.8908	0.7113
H0827	6.96352	141.8908	0.7113
H0828	7.686853333	143.5574667	1.044633333
H0829	6.186853333	130.2241333	1.7113
H0830	6.016853333	141.8908	1.377966667
H0831	7.50352	136.8908	1.7113
H0832	8.66352	150.2241333	0.7113
